00000000000000000000000011011110  
00000000000000000000000001101111  
00000000000000000000000001100100  
00000000000000000000000011001000  
00000000000000000000000000000000  
00000000000000000000000000000000  
00000000000000000000000000000000  
00000000000000000000000000010100  
00000000000000000000000000010101  
00000000000000000000000000010110  
00000000000000000000000000000000  
00000000000000000000000000000000
00000000000000000000000000000000
00000000000000000000000000000000
00000000000000000000000000000000
00000000000000000000000000000000
